1 1
2 4
3 9
4 16
5 25
6 36
7 49
8 64
9 81
10 100
11 121
12 144
13 169
14 196
15 225
16 256
17 289
18 324
19 361
20 400
21 441
22 484
23 529
24 576
25 625
26 676
27 729
28 784
29 841
30 900
31 961
32 1024
33 1089
34 1156
35 1225
36 1296
37 1369
38 1444
39 1521
40 1600
41 1681
42 1764
43 1849
44 1936
45 2025
46 2116
47 2209
48 2304
49 2401
50 2500
51 2601
52 2704
53 2809
54 2916
55 3025
56 3136
57 3249
58 3364
59 3481
60 3600
61 3721
62 3844
63 3969
64 4096
65 4225
66 4356
67 4489
68 4624
69 4761
70 4900
71 5041
72 5184
73 5329
74 5476
75 5625
76 5776
77 5929
78 6084
79 6241
80 6400
81 6561
82 6724
83 6889
84 7056
85 7225
86 7396
87 7569
88 7744
89 7921
90 8100
91 8281
92 8464
93 8649
94 8836
95 9025
96 9216
97 9409
98 9604
99 9801
100 10000
101 10201
102 10404
103 10609
104 10816
105 11025
106 11236
107 11449
108 11664
109 11881
110 12100
111 12321
112 12544
113 12769
114 12996
115 13225
116 13456
117 13689
118 13924
119 14161
120 14400
121 14641
122 14884
123 15129
124 15376
125 15625
126 15876
127 16129
128 16384
129 16641
130 16900
131 17161
132 17424
133 17689
134 17956
135 18225
136 18496
137 18769
138 19044
139 19321
140 19600
141 19881
142 20164
143 20449
144 20736
145 21025
146 21316
147 21609
148 21904
149 22201
150 22500
151 22801
152 23104
153 23409
154 23716
155 24025
156 24336
157 24649
158 24964
159 25281
160 25600
161 25921
162 26244
163 26569
164 26896
165 27225
166 27556
167 27889
168 28224
169 28561
170 28900
171 29241
172 29584
173 29929
174 30276
175 30625
176 30976
177 31329
178 31684
179 32041
180 32400
181 32761
182 33124
183 33489
184 33856
185 34225
186 34596
187 34969
188 35344
189 35721
190 36100
191 36481
192 36864
193 37249
194 37636
195 38025
196 38416
197 38809
198 39204
199 39601
200 40000
201 40401
202 40804
203 41209
204 41616
205 42025
206 42436
207 42849
208 43264
209 43681
210 44100
211 44521
212 44944
213 45369
214 45796
215 46225
216 46656
217 47089
218 47524
219 47961
220 48400
221 48841
222 49284
223 49729
224 50176
225 50625
226 51076
227 51529
228 51984
229 52441
230 52900
231 53361
232 53824
233 54289
234 54756
235 55225
236 55696
237 56169
238 56644
239 57121
240 57600
241 58081
242 58564
243 59049
244 59536
245 60025
246 60516
247 61009
248 61504
249 62001
250 62500
251 63001
252 63504
253 64009
254 64516
255 65025
256 65536
257 66049
258 66564
259 67081
260 67600
261 68121
262 68644
263 69169
264 69696
265 70225
266 70756
267 71289
268 71824
269 72361
270 72900
271 73441
272 73984
273 74529
274 75076
275 75625
276 76176
277 76729
278 77284
279 77841
280 78400
281 78961
282 79524
283 80089
284 80656
285 81225
286 81796
287 82369
288 82944
289 83521
290 84100
291 84681
292 85264
293 85849
294 86436
295 87025
296 87616
297 88209
298 88804
299 89401
300 90000
301 90601
302 91204
303 91809
304 92416
305 93025
306 93636
307 94249
308 94864
309 95481
310 96100
311 96721
312 97344
313 97969
314 98596
315 99225
316 99856
317 100489
318 101124
319 101761
320 102400
321 103041
322 103684
323 104329
324 104976
325 105625
326 106276
327 106929
328 107584
329 108241
330 108900
331 109561
332 110224
333 110889
334 111556
335 112225
336 112896
337 113569
338 114244
339 114921
340 115600
341 116281
342 116964
343 117649
344 118336
345 119025
346 119716
347 120409
348 121104
349 121801
350 122500
351 123201
352 123904
353 124609
354 125316
355 126025
356 126736
357 127449
358 128164
359 128881
360 129600
361 130321
362 131044
363 131769
364 132496
365 133225
366 133956
367 134689
368 135424
369 136161
370 136900
371 137641
372 138384
373 139129
374 139876
375 140625
376 141376
377 142129
378 142884
379 143641
380 144400
381 145161
382 145924
383 146689
384 147456
385 148225
386 148996
387 149769
388 150544
389 151321
390 152100
391 152881
392 153664
393 154449
394 155236
395 156025
396 156816
397 157609
398 158404
399 159201
400 160000
401 160801
402 161604
403 162409
404 163216
405 164025
406 164836
407 165649
408 166464
409 167281
410 168100
411 168921
412 169744
413 170569
414 171396
415 172225
416 173056
417 173889
418 174724
419 175561
420 176400
421 177241
422 178084
423 178929
424 179776
425 180625
426 181476
427 182329
428 183184
429 184041
430 184900
431 185761
432 186624
433 187489
434 188356
435 189225
436 190096
437 190969
438 191844
439 192721
440 193600
441 194481
442 195364
443 196249
444 197136
445 198025
446 198916
447 199809
448 200704
449 201601
450 202500
451 203401
452 204304
453 205209
454 206116
455 207025
456 207936
457 208849
458 209764
459 210681
460 211600
461 212521
462 213444
463 214369
464 215296
465 216225
466 217156
467 218089
468 219024
469 219961
470 220900
471 221841
472 222784
473 223729
474 224676
475 225625
476 226576
477 227529
478 228484
479 229441
480 230400
481 231361
482 232324
483 233289
484 234256
485 235225
486 236196
487 237169
488 238144
489 239121
490 240100
491 241081
492 242064
493 243049
494 244036
495 245025
496 246016
497 247009
498 248004
499 249001
500 250000
501 251001
502 252004
503 253009
504 254016
505 255025
506 256036
507 257049
508 258064
509 259081
510 260100
511 261121
512 262144
513 263169
514 264196
515 265225
516 266256
517 267289
518 268324
519 269361
520 270400
521 271441
522 272484
523 273529
524 274576
525 275625
526 276676
527 277729
528 278784
529 279841
530 280900
531 281961
532 283024
533 284089
534 285156
535 286225
536 287296
537 288369
538 289444
539 290521
540 291600
541 292681
542 293764
543 294849
544 295936
545 297025
546 298116
547 299209
548 300304
549 301401
550 302500
551 303601
552 304704
553 305809
554 306916
555 308025
556 309136
557 310249
558 311364
559 312481
560 313600
561 314721
562 315844
563 316969
564 318096
565 319225
566 320356
567 321489
568 322624
569 323761
570 324900
571 326041
572 327184
573 328329
574 329476
575 330625
576 331776
577 332929
578 334084
579 335241
580 336400
581 337561
582 338724
583 339889
584 341056
585 342225
586 343396
587 344569
588 345744
589 346921
590 348100
591 349281
592 350464
593 351649
594 352836
595 354025
596 355216
597 356409
598 357604
599 358801
600 360000
601 361201
602 362404
603 363609
604 364816
605 366025
606 367236
607 368449
608 369664
609 370881
610 372100
611 373321
612 374544
613 375769
614 376996
615 378225
616 379456
617 380689
618 381924
619 383161
620 384400
621 385641
622 386884
623 388129
624 389376
625 390625
626 391876
627 393129
628 394384
629 395641
630 396900
631 398161
632 399424
633 400689
634 401956
635 403225
636 404496
637 405769
638 407044
639 408321
640 409600
641 410881
642 412164
643 413449
644 414736
645 416025
646 417316
647 418609
648 419904
649 421201
650 422500
651 423801
652 425104
653 426409
654 427716
655 429025
656 430336
657 431649
658 432964
659 434281
660 435600
661 436921
662 438244
663 439569
664 440896
665 442225
666 443556
667 444889
668 446224
669 447561
670 448900
671 450241
672 451584
673 452929
674 454276
675 455625
676 456976
677 458329
678 459684
679 461041
680 462400
681 463761
682 465124
683 466489
684 467856
685 469225
686 470596
687 471969
688 473344
689 474721
690 476100
691 477481
692 478864
693 480249
694 481636
695 483025
696 484416
697 485809
698 487204
699 488601
700 490000
701 491401
702 492804
703 494209
704 495616
705 497025
706 498436
707 499849
708 501264
709 502681
710 504100
711 505521
712 506944
713 508369
714 509796
715 511225
716 512656
717 514089
718 515524
719 516961
720 518400
721 519841
722 521284
723 522729
724 524176
725 525625
726 527076
727 528529
728 529984
729 531441
730 532900
731 534361
732 535824
733 537289
734 538756
735 540225
736 541696
737 543169
738 544644
739 546121
740 547600
741 549081
742 550564
743 552049
744 553536
745 555025
746 556516
747 558009
748 559504
749 561001
750 562500
751 564001
752 565504
753 567009
754 568516
755 570025
756 571536
757 573049
758 574564
759 576081
760 577600
761 579121
762 580644
763 582169
764 583696
765 585225
766 586756
767 588289
768 589824
769 591361
770 592900
771 594441
772 595984
773 597529
774 599076
775 600625
776 602176
777 603729
778 605284
779 606841
780 608400
781 609961
782 611524
783 613089
784 614656
785 616225
786 617796
787 619369
788 620944
789 622521
790 624100
791 625681
792 627264
793 628849
794 630436
795 632025
796 633616
797 635209
798 636804
799 638401
800 640000
801 641601
802 643204
803 644809
804 646416
805 648025
806 649636
807 651249
808 652864
809 654481
810 656100
811 657721
812 659344
813 660969
814 662596
815 664225
816 665856
817 667489
818 669124
819 670761
820 672400
821 674041
822 675684
823 677329
824 678976
825 680625
826 682276
827 683929
828 685584
829 687241
830 688900
831 690561
832 692224
833 693889
834 695556
835 697225
836 698896
837 700569
838 702244
839 703921
840 705600
841 707281
842 708964
843 710649
844 712336
845 714025
846 715716
847 717409
848 719104
849 720801
850 722500
851 724201
852 725904
853 727609
854 729316
855 731025
856 732736
857 734449
858 736164
859 737881
860 739600
861 741321
862 743044
863 744769
864 746496
865 748225
866 749956
867 751689
868 753424
869 755161
870 756900
871 758641
872 760384
873 762129
874 763876
875 765625
876 767376
877 769129
878 770884
879 772641
880 774400
881 776161
882 777924
883 779689
884 781456
885 783225
886 784996
887 786769
888 788544
889 790321
890 792100
891 793881
892 795664
893 797449
894 799236
895 801025
896 802816
897 804609
898 806404
899 808201
900 810000
901 811801
902 813604
903 815409
904 817216
905 819025
906 820836
907 822649
908 824464
909 826281
910 828100
911 829921
912 831744
913 833569
914 835396
915 837225
916 839056
917 840889
918 842724
919 844561
920 846400
921 848241
922 850084
923 851929
924 853776
925 855625
926 857476
927 859329
928 861184
929 863041
930 864900
931 866761
932 868624
933 870489
934 872356
935 874225
936 876096
937 877969
938 879844
939 881721
940 883600
941 885481
942 887364
943 889249
944 891136
945 893025
946 894916
947 896809
948 898704
949 900601
950 902500
951 904401
952 906304
953 908209
954 910116
955 912025
956 913936
957 915849
958 917764
959 919681
960 921600
961 923521
962 925444
963 927369
964 929296
965 931225
966 933156
967 935089
968 937024
969 938961
970 940900
971 942841
972 944784
973 946729
974 948676
975 950625
976 952576
977 954529
978 956484
979 958441
980 960400
981 962361
982 964324
983 966289
984 968256
985 970225
986 972196
987 974169
988 976144
989 978121
990 980100
991 982081
992 984064
993 986049
994 988036
995 990025
996 992016
997 994009
998 996004
999 998001
1000 1000000
1001 1002001
1002 1004004
1003 1006009
1004 1008016
1005 1010025
1006 1012036
1007 1014049
1008 1016064
1009 1018081
1010 1020100
1011 1022121
1012 1024144
1013 1026169
1014 1028196
1015 1030225
1016 1032256
1017 1034289
1018 1036324
1019 1038361
1020 1040400
1021 1042441
1022 1044484
1023 1046529
1024 1048576
1025 1050625
1026 1052676
1027 1054729
1028 1056784
1029 1058841
1030 1060900
1031 1062961
1032 1065024
1033 1067089
1034 1069156
1035 1071225
1036 1073296
1037 1075369
1038 1077444
1039 1079521
1040 1081600
1041 1083681
1042 1085764
1043 1087849
1044 1089936
1045 1092025
1046 1094116
1047 1096209
1048 1098304
1049 1100401
1050 1102500
1051 1104601
1052 1106704
1053 1108809
1054 1110916
1055 1113025
1056 1115136
1057 1117249
1058 1119364
1059 1121481
1060 1123600
1061 1125721
1062 1127844
1063 1129969
1064 1132096
1065 1134225
1066 1136356
1067 1138489
1068 1140624
1069 1142761
1070 1144900
1071 1147041
1072 1149184
1073 1151329
1074 1153476
1075 1155625
1076 1157776
1077 1159929
1078 1162084
1079 1164241
1080 1166400
1081 1168561
1082 1170724
1083 1172889
1084 1175056
1085 1177225
1086 1179396
1087 1181569
1088 1183744
1089 1185921
1090 1188100
1091 1190281
1092 1192464
1093 1194649
1094 1196836
1095 1199025
1096 1201216
1097 1203409
1098 1205604
1099 1207801
1100 1210000
1101 1212201
1102 1214404
1103 1216609
1104 1218816
1105 1221025
1106 1223236
1107 1225449
1108 1227664
1109 1229881
1110 1232100
1111 1234321
1112 1236544
1113 1238769
1114 1240996
1115 1243225
1116 1245456
1117 1247689
1118 1249924
1119 1252161
1120 1254400
1121 1256641
1122 1258884
1123 1261129
1124 1263376
1125 1265625
1126 1267876
1127 1270129
1128 1272384
1129 1274641
1130 1276900
1131 1279161
1132 1281424
1133 1283689
1134 1285956
1135 1288225
1136 1290496
1137 1292769
1138 1295044
1139 1297321
1140 1299600
1141 1301881
1142 1304164
1143 1306449
1144 1308736
1145 1311025
1146 1313316
1147 1315609
1148 1317904
1149 1320201
1150 1322500
1151 1324801
1152 1327104
1153 1329409
1154 1331716
1155 1334025
1156 1336336
1157 1338649
1158 1340964
1159 1343281
1160 1345600
1161 1347921
1162 1350244
1163 1352569
1164 1354896
1165 1357225
1166 1359556
1167 1361889
1168 1364224
1169 1366561
1170 1368900
1171 1371241
1172 1373584
1173 1375929
1174 1378276
1175 1380625
1176 1382976
1177 1385329
1178 1387684
1179 1390041
1180 1392400
1181 1394761
1182 1397124
1183 1399489
1184 1401856
1185 1404225
1186 1406596
1187 1408969
1188 1411344
1189 1413721
1190 1416100
1191 1418481
1192 1420864
1193 1423249
1194 1425636
1195 1428025
1196 1430416
1197 1432809
1198 1435204
1199 1437601
1200 1440000
1201 1442401
1202 1444804
1203 1447209
1204 1449616
1205 1452025
1206 1454436
1207 1456849
1208 1459264
1209 1461681
1210 1464100
1211 1466521
1212 1468944
1213 1471369
1214 1473796
1215 1476225
1216 1478656
1217 1481089
1218 1483524
1219 1485961
1220 1488400
1221 1490841
1222 1493284
1223 1495729
1224 1498176
1225 1500625
1226 1503076
1227 1505529
1228 1507984
1229 1510441
1230 1512900
1231 1515361
1232 1517824
1233 1520289
1234 1522756
1235 1525225
1236 1527696
1237 1530169
1238 1532644
1239 1535121
1240 1537600
1241 1540081
1242 1542564
1243 1545049
1244 1547536
1245 1550025
1246 1552516
1247 1555009
1248 1557504
1249 1560001
1250 1562500
1251 1565001
1252 1567504
1253 1570009
1254 1572516
1255 1575025
1256 1577536
1257 1580049
1258 1582564
1259 1585081
1260 1587600
1261 1590121
1262 1592644
1263 1595169
1264 1597696
1265 1600225
1266 1602756
1267 1605289
1268 1607824
1269 1610361
1270 1612900
1271 1615441
1272 1617984
1273 1620529
1274 1623076
1275 1625625
1276 1628176
1277 1630729
1278 1633284
1279 1635841
1280 1638400
1281 1640961
1282 1643524
1283 1646089
1284 1648656
1285 1651225
1286 1653796
1287 1656369
1288 1658944
1289 1661521
1290 1664100
1291 1666681
1292 1669264
1293 1671849
1294 1674436
1295 1677025
1296 1679616
1297 1682209
1298 1684804
1299 1687401
1300 1690000
1301 1692601
1302 1695204
1303 1697809
1304 1700416
1305 1703025
1306 1705636
1307 1708249
1308 1710864
1309 1713481
1310 1716100
1311 1718721
1312 1721344
1313 1723969
1314 1726596
1315 1729225
1316 1731856
1317 1734489
1318 1737124
1319 1739761
1320 1742400
1321 1745041
1322 1747684
1323 1750329
1324 1752976
1325 1755625
1326 1758276
1327 1760929
1328 1763584
1329 1766241
1330 1768900
1331 1771561
1332 1774224
1333 1776889
1334 1779556
1335 1782225
1336 1784896
1337 1787569
1338 1790244
1339 1792921
1340 1795600
1341 1798281
1342 1800964
1343 1803649
1344 1806336
1345 1809025
1346 1811716
1347 1814409
1348 1817104
1349 1819801
1350 1822500
1351 1825201
1352 1827904
1353 1830609
1354 1833316
1355 1836025
1356 1838736
1357 1841449
1358 1844164
1359 1846881
1360 1849600
1361 1852321
1362 1855044
1363 1857769
1364 1860496
1365 1863225
1366 1865956
1367 1868689
1368 1871424
1369 1874161
1370 1876900
1371 1879641
1372 1882384
1373 1885129
1374 1887876
1375 1890625
1376 1893376
1377 1896129
1378 1898884
1379 1901641
1380 1904400
1381 1907161
1382 1909924
1383 1912689
1384 1915456
1385 1918225
1386 1920996
1387 1923769
1388 1926544
1389 1929321
1390 1932100
1391 1934881
1392 1937664
1393 1940449
1394 1943236
1395 1946025
1396 1948816
1397 1951609
1398 1954404
1399 1957201
1400 1960000
1401 1962801
1402 1965604
1403 1968409
1404 1971216
1405 1974025
1406 1976836
1407 1979649
1408 1982464
1409 1985281
1410 1988100
1411 1990921
1412 1993744
1413 1996569
1414 1999396
1415 2002225
1416 2005056
1417 2007889
1418 2010724
1419 2013561
1420 2016400
1421 2019241
1422 2022084
1423 2024929
1424 2027776
1425 2030625
1426 2033476
1427 2036329
1428 2039184
1429 2042041
1430 2044900
1431 2047761
1432 2050624
1433 2053489
1434 2056356
1435 2059225
1436 2062096
1437 2064969
1438 2067844
1439 2070721
1440 2073600
1441 2076481
1442 2079364
1443 2082249
1444 2085136
1445 2088025
1446 2090916
1447 2093809
1448 2096704
1449 2099601
1450 2102500
1451 2105401
1452 2108304
1453 2111209
1454 2114116
1455 2117025
1456 2119936
1457 2122849
1458 2125764
1459 2128681
1460 2131600
1461 2134521
1462 2137444
1463 2140369
1464 2143296
1465 2146225
1466 2149156
1467 2152089
1468 2155024
1469 2157961
1470 2160900
1471 2163841
1472 2166784
1473 2169729
1474 2172676
1475 2175625
1476 2178576
1477 2181529
1478 2184484
1479 2187441
1480 2190400
1481 2193361
1482 2196324
1483 2199289
1484 2202256
1485 2205225
1486 2208196
1487 2211169
1488 2214144
1489 2217121
1490 2220100
1491 2223081
1492 2226064
1493 2229049
1494 2232036
1495 2235025
1496 2238016
1497 2241009
1498 2244004
1499 2247001
1500 2250000
1501 2253001
1502 2256004
1503 2259009
1504 2262016
1505 2265025
1506 2268036
1507 2271049
1508 2274064
1509 2277081
1510 2280100
1511 2283121
1512 2286144
1513 2289169
1514 2292196
1515 2295225
1516 2298256
1517 2301289
1518 2304324
1519 2307361
1520 2310400
1521 2313441
1522 2316484
1523 2319529
1524 2322576
1525 2325625
1526 2328676
1527 2331729
1528 2334784
1529 2337841
1530 2340900
1531 2343961
1532 2347024
1533 2350089
1534 2353156
1535 2356225
1536 2359296
1537 2362369
1538 2365444
1539 2368521
1540 2371600
1541 2374681
1542 2377764
1543 2380849
1544 2383936
1545 2387025
1546 2390116
1547 2393209
1548 2396304
1549 2399401
1550 2402500
1551 2405601
1552 2408704
1553 2411809
1554 2414916
1555 2418025
1556 2421136
1557 2424249
1558 2427364
1559 2430481
1560 2433600
1561 2436721
1562 2439844
1563 2442969
1564 2446096
1565 2449225
1566 2452356
1567 2455489
1568 2458624
1569 2461761
1570 2464900
1571 2468041
1572 2471184
1573 2474329
1574 2477476
1575 2480625
1576 2483776
1577 2486929
1578 2490084
1579 2493241
1580 2496400
1581 2499561
1582 2502724
1583 2505889
1584 2509056
1585 2512225
1586 2515396
1587 2518569
1588 2521744
1589 2524921
1590 2528100
1591 2531281
1592 2534464
1593 2537649
1594 2540836
1595 2544025
1596 2547216
1597 2550409
1598 2553604
1599 2556801
1600 2560000
1601 2563201
1602 2566404
1603 2569609
1604 2572816
1605 2576025
1606 2579236
1607 2582449
1608 2585664
1609 2588881
1610 2592100
1611 2595321
1612 2598544
1613 2601769
1614 2604996
1615 2608225
1616 2611456
1617 2614689
1618 2617924
1619 2621161
1620 2624400
1621 2627641
1622 2630884
1623 2634129
1624 2637376
1625 2640625
1626 2643876
1627 2647129
1628 2650384
1629 2653641
1630 2656900
1631 2660161
1632 2663424
1633 2666689
1634 2669956
1635 2673225
1636 2676496
1637 2679769
1638 2683044
1639 2686321
1640 2689600
1641 2692881
1642 2696164
1643 2699449
1644 2702736
1645 2706025
1646 2709316
1647 2712609
1648 2715904
1649 2719201
1650 2722500
1651 2725801
1652 2729104
1653 2732409
1654 2735716
1655 2739025
1656 2742336
1657 2745649
1658 2748964
1659 2752281
1660 2755600
1661 2758921
1662 2762244
1663 2765569
1664 2768896
1665 2772225
1666 2775556
1667 2778889
1668 2782224
1669 2785561
1670 2788900
1671 2792241
1672 2795584
1673 2798929
1674 2802276
1675 2805625
1676 2808976
1677 2812329
1678 2815684
1679 2819041
1680 2822400
1681 2825761
1682 2829124
1683 2832489
1684 2835856
1685 2839225
1686 2842596
1687 2845969
1688 2849344
1689 2852721
1690 2856100
1691 2859481
1692 2862864
1693 2866249
1694 2869636
1695 2873025
1696 2876416
1697 2879809
1698 2883204
1699 2886601
1700 2890000
1701 2893401
1702 2896804
1703 2900209
1704 2903616
1705 2907025
1706 2910436
1707 2913849
1708 2917264
1709 2920681
1710 2924100
1711 2927521
1712 2930944
1713 2934369
1714 2937796
1715 2941225
1716 2944656
1717 2948089
1718 2951524
1719 2954961
1720 2958400
1721 2961841
1722 2965284
1723 2968729
1724 2972176
1725 2975625
1726 2979076
1727 2982529
1728 2985984
1729 2989441
1730 2992900
1731 2996361
1732 2999824
1733 3003289
1734 3006756
1735 3010225
1736 3013696
1737 3017169
1738 3020644
1739 3024121
1740 3027600
1741 3031081
1742 3034564
1743 3038049
1744 3041536
1745 3045025
1746 3048516
1747 3052009
1748 3055504
1749 3059001
1750 3062500
1751 3066001
1752 3069504
1753 3073009
1754 3076516
1755 3080025
1756 3083536
1757 3087049
1758 3090564
1759 3094081
1760 3097600
1761 3101121
1762 3104644
1763 3108169
1764 3111696
1765 3115225
1766 3118756
1767 3122289
1768 3125824
1769 3129361
1770 3132900
1771 3136441
1772 3139984
1773 3143529
1774 3147076
1775 3150625
1776 3154176
1777 3157729
1778 3161284
1779 3164841
1780 3168400
1781 3171961
1782 3175524
1783 3179089
1784 3182656
1785 3186225
1786 3189796
1787 3193369
1788 3196944
1789 3200521
1790 3204100
1791 3207681
1792 3211264
1793 3214849
1794 3218436
1795 3222025
1796 3225616
1797 3229209
1798 3232804
1799 3236401
1800 3240000
1801 3243601
1802 3247204
1803 3250809
1804 3254416
1805 3258025
1806 3261636
1807 3265249
1808 3268864
1809 3272481
1810 3276100
1811 3279721
1812 3283344
1813 3286969
1814 3290596
1815 3294225
1816 3297856
1817 3301489
1818 3305124
1819 3308761
1820 3312400
1821 3316041
1822 3319684
1823 3323329
1824 3326976
1825 3330625
1826 3334276
1827 3337929
1828 3341584
1829 3345241
1830 3348900
1831 3352561
1832 3356224
1833 3359889
1834 3363556
1835 3367225
1836 3370896
1837 3374569
1838 3378244
1839 3381921
1840 3385600
1841 3389281
1842 3392964
1843 3396649
1844 3400336
1845 3404025
1846 3407716
1847 3411409
1848 3415104
1849 3418801
1850 3422500
1851 3426201
1852 3429904
1853 3433609
1854 3437316
1855 3441025
1856 3444736
1857 3448449
1858 3452164
1859 3455881
1860 3459600
1861 3463321
1862 3467044
1863 3470769
1864 3474496
1865 3478225
1866 3481956
1867 3485689
1868 3489424
1869 3493161
1870 3496900
1871 3500641
1872 3504384
1873 3508129
1874 3511876
1875 3515625
1876 3519376
1877 3523129
1878 3526884
1879 3530641
1880 3534400
1881 3538161
1882 3541924
1883 3545689
1884 3549456
1885 3553225
1886 3556996
1887 3560769
1888 3564544
1889 3568321
1890 3572100
1891 3575881
1892 3579664
1893 3583449
1894 3587236
1895 3591025
1896 3594816
1897 3598609
1898 3602404
1899 3606201
1900 3610000
1901 3613801
1902 3617604
1903 3621409
1904 3625216
1905 3629025
1906 3632836
1907 3636649
1908 3640464
1909 3644281
1910 3648100
1911 3651921
1912 3655744
1913 3659569
1914 3663396
1915 3667225
1916 3671056
1917 3674889
1918 3678724
1919 3682561
1920 3686400
1921 3690241
1922 3694084
1923 3697929
1924 3701776
1925 3705625
1926 3709476
1927 3713329
1928 3717184
1929 3721041
1930 3724900
1931 3728761
1932 3732624
1933 3736489
1934 3740356
1935 3744225
1936 3748096
1937 3751969
1938 3755844
1939 3759721
1940 3763600
1941 3767481
1942 3771364
1943 3775249
1944 3779136
1945 3783025
1946 3786916
1947 3790809
1948 3794704
1949 3798601
1950 3802500
1951 3806401
1952 3810304
1953 3814209
1954 3818116
1955 3822025
1956 3825936
1957 3829849
1958 3833764
1959 3837681
1960 3841600
1961 3845521
1962 3849444
1963 3853369
1964 3857296
1965 3861225
1966 3865156
1967 3869089
1968 3873024
1969 3876961
1970 3880900
1971 3884841
1972 3888784
1973 3892729
1974 3896676
1975 3900625
1976 3904576
1977 3908529
1978 3912484
1979 3916441
1980 3920400
1981 3924361
1982 3928324
1983 3932289
1984 3936256
1985 3940225
1986 3944196
1987 3948169
1988 3952144
1989 3956121
1990 3960100
1991 3964081
1992 3968064
1993 3972049
1994 3976036
1995 3980025
1996 3984016
1997 3988009
1998 3992004
1999 3996001
2000 4000000
2001 4004001
2002 4008004
2003 4012009
2004 4016016
2005 4020025
2006 4024036
2007 4028049
2008 4032064
2009 4036081
2010 4040100
2011 4044121
2012 4048144
2013 4052169
2014 4056196
2015 4060225
2016 4064256
2017 4068289
2018 4072324
2019 4076361
2020 4080400
2021 4084441
2022 4088484
2023 4092529
2024 4096576
2025 4100625
2026 4104676
2027 4108729
2028 4112784
2029 4116841
2030 4120900
2031 4124961
2032 4129024
2033 4133089
2034 4137156
2035 4141225
2036 4145296
2037 4149369
2038 4153444
2039 4157521
2040 4161600
2041 4165681
2042 4169764
2043 4173849
2044 4177936
2045 4182025
2046 4186116
2047 4190209
2048 4194304
2049 4198401
2050 4202500
2051 4206601
2052 4210704
2053 4214809
2054 4218916
2055 4223025
2056 4227136
2057 4231249
2058 4235364
2059 4239481
2060 4243600
2061 4247721
2062 4251844
2063 4255969
2064 4260096
2065 4264225
2066 4268356
2067 4272489
2068 4276624
2069 4280761
2070 4284900
2071 4289041
2072 4293184
2073 4297329
2074 4301476
2075 4305625
2076 4309776
2077 4313929
2078 4318084
2079 4322241
2080 4326400
2081 4330561
2082 4334724
2083 4338889
2084 4343056
2085 4347225
2086 4351396
2087 4355569
2088 4359744
2089 4363921
2090 4368100
2091 4372281
2092 4376464
2093 4380649
2094 4384836
2095 4389025
2096 4393216
2097 4397409
2098 4401604
2099 4405801
2100 4410000
2101 4414201
2102 4418404
2103 4422609
2104 4426816
2105 4431025
2106 4435236
2107 4439449
2108 4443664
2109 4447881
2110 4452100
2111 4456321
2112 4460544
2113 4464769
2114 4468996
2115 4473225
2116 4477456
2117 4481689
2118 4485924
2119 4490161
2120 4494400
2121 4498641
2122 4502884
2123 4507129
2124 4511376
2125 4515625
2126 4519876
2127 4524129
2128 4528384
2129 4532641
2130 4536900
2131 4541161
2132 4545424
2133 4549689
2134 4553956
2135 4558225
2136 4562496
2137 4566769
2138 4571044
2139 4575321
2140 4579600
2141 4583881
2142 4588164
2143 4592449
2144 4596736
2145 4601025
2146 4605316
2147 4609609
2148 4613904
2149 4618201
2150 4622500
2151 4626801
2152 4631104
2153 4635409
2154 4639716
2155 4644025
2156 4648336
2157 4652649
2158 4656964
2159 4661281
2160 4665600
2161 4669921
2162 4674244
2163 4678569
2164 4682896
2165 4687225
2166 4691556
2167 4695889
2168 4700224
2169 4704561
2170 4708900
2171 4713241
2172 4717584
2173 4721929
2174 4726276
2175 4730625
2176 4734976
2177 4739329
2178 4743684
2179 4748041
2180 4752400
2181 4756761
2182 4761124
2183 4765489
2184 4769856
2185 4774225
2186 4778596
2187 4782969
2188 4787344
2189 4791721
2190 4796100
2191 4800481
2192 4804864
2193 4809249
2194 4813636
2195 4818025
2196 4822416
2197 4826809
2198 4831204
2199 4835601
2200 4840000
2201 4844401
2202 4848804
2203 4853209
2204 4857616
2205 4862025
2206 4866436
2207 4870849
2208 4875264
2209 4879681
2210 4884100
2211 4888521
2212 4892944
2213 4897369
2214 4901796
2215 4906225
2216 4910656
2217 4915089
2218 4919524
2219 4923961
2220 4928400
2221 4932841
2222 4937284
2223 4941729
2224 4946176
2225 4950625
2226 4955076
2227 4959529
2228 4963984
2229 4968441
2230 4972900
2231 4977361
2232 4981824
2233 4986289
2234 4990756
2235 4995225
2236 4999696
2237 5004169
2238 5008644
2239 5013121
2240 5017600
2241 5022081
2242 5026564
2243 5031049
2244 5035536
2245 5040025
2246 5044516
2247 5049009
2248 5053504
2249 5058001
2250 5062500
2251 5067001
2252 5071504
2253 5076009
2254 5080516
2255 5085025
2256 5089536
2257 5094049
2258 5098564
2259 5103081
2260 5107600
2261 5112121
2262 5116644
2263 5121169
2264 5125696
2265 5130225
2266 5134756
2267 5139289
2268 5143824
2269 5148361
2270 5152900
2271 5157441
2272 5161984
2273 5166529
2274 5171076
2275 5175625
2276 5180176
2277 5184729
2278 5189284
2279 5193841
2280 5198400
2281 5202961
2282 5207524
2283 5212089
2284 5216656
2285 5221225
2286 5225796
2287 5230369
2288 5234944
2289 5239521
2290 5244100
2291 5248681
2292 5253264
2293 5257849
2294 5262436
2295 5267025
2296 5271616
2297 5276209
2298 5280804
2299 5285401
2300 5290000
2301 5294601
2302 5299204
2303 5303809
2304 5308416
2305 5313025
2306 5317636
2307 5322249
2308 5326864
2309 5331481
2310 5336100
2311 5340721
2312 5345344
2313 5349969
2314 5354596
2315 5359225
2316 5363856
2317 5368489
2318 5373124
2319 5377761
2320 5382400
2321 5387041
2322 5391684
2323 5396329
2324 5400976
2325 5405625
2326 5410276
2327 5414929
2328 5419584
2329 5424241
2330 5428900
2331 5433561
2332 5438224
2333 5442889
2334 5447556
2335 5452225
2336 5456896
2337 5461569
2338 5466244
2339 5470921
2340 5475600
2341 5480281
2342 5484964
2343 5489649
2344 5494336
2345 5499025
2346 5503716
2347 5508409
2348 5513104
2349 5517801
2350 5522500
2351 5527201
2352 5531904
2353 5536609
2354 5541316
2355 5546025
2356 5550736
2357 5555449
2358 5560164
2359 5564881
2360 5569600
2361 5574321
2362 5579044
2363 5583769
2364 5588496
2365 5593225
2366 5597956
2367 5602689
2368 5607424
2369 5612161
2370 5616900
2371 5621641
2372 5626384
2373 5631129
2374 5635876
2375 5640625
2376 5645376
2377 5650129
2378 5654884
2379 5659641
2380 5664400
2381 5669161
2382 5673924
2383 5678689
2384 5683456
2385 5688225
2386 5692996
2387 5697769
2388 5702544
2389 5707321
2390 5712100
2391 5716881
2392 5721664
2393 5726449
2394 5731236
2395 5736025
2396 5740816
2397 5745609
2398 5750404
2399 5755201
2400 5760000
2401 5764801
2402 5769604
2403 5774409
2404 5779216
2405 5784025
2406 5788836
2407 5793649
2408 5798464
2409 5803281
2410 5808100
2411 5812921
2412 5817744
2413 5822569
2414 5827396
2415 5832225
2416 5837056
2417 5841889
2418 5846724
2419 5851561
2420 5856400
2421 5861241
2422 5866084
2423 5870929
2424 5875776
2425 5880625
2426 5885476
2427 5890329
2428 5895184
2429 5900041
2430 5904900
2431 5909761
2432 5914624
2433 5919489
2434 5924356
2435 5929225
2436 5934096
2437 5938969
2438 5943844
2439 5948721
2440 5953600
2441 5958481
2442 5963364
2443 5968249
2444 5973136
2445 5978025
2446 5982916
2447 5987809
2448 5992704
2449 5997601
2450 6002500
2451 6007401
2452 6012304
2453 6017209
2454 6022116
2455 6027025
2456 6031936
2457 6036849
2458 6041764
2459 6046681
2460 6051600
2461 6056521
2462 6061444
2463 6066369
2464 6071296
2465 6076225
2466 6081156
2467 6086089
2468 6091024
2469 6095961
2470 6100900
2471 6105841
2472 6110784
2473 6115729
2474 6120676
2475 6125625
2476 6130576
2477 6135529
2478 6140484
2479 6145441
2480 6150400
2481 6155361
2482 6160324
2483 6165289
2484 6170256
2485 6175225
2486 6180196
2487 6185169
2488 6190144
2489 6195121
2490 6200100
2491 6205081
2492 6210064
2493 6215049
2494 6220036
2495 6225025
2496 6230016
2497 6235009
2498 6240004
2499 6245001
2500 6250000
2501 6255001
2502 6260004
2503 6265009
2504 6270016
2505 6275025
2506 6280036
2507 6285049
2508 6290064
2509 6295081
2510 6300100
2511 6305121
2512 6310144
2513 6315169
2514 6320196
2515 6325225
2516 6330256
2517 6335289
2518 6340324
2519 6345361
2520 6350400
2521 6355441
2522 6360484
2523 6365529
2524 6370576
2525 6375625
2526 6380676
2527 6385729
2528 6390784
2529 6395841
2530 6400900
2531 6405961
2532 6411024
2533 6416089
2534 6421156
2535 6426225
2536 6431296
2537 6436369
2538 6441444
2539 6446521
2540 6451600
2541 6456681
2542 6461764
2543 6466849
2544 6471936
2545 6477025
2546 6482116
2547 6487209
2548 6492304
2549 6497401
2550 6502500
2551 6507601
2552 6512704
2553 6517809
2554 6522916
2555 6528025
2556 6533136
2557 6538249
2558 6543364
2559 6548481
2560 6553600
2561 6558721
2562 6563844
2563 6568969
2564 6574096
2565 6579225
2566 6584356
2567 6589489
2568 6594624
2569 6599761
2570 6604900
2571 6610041
2572 6615184
2573 6620329
2574 6625476
2575 6630625
2576 6635776
2577 6640929
2578 6646084
2579 6651241
2580 6656400
2581 6661561
2582 6666724
2583 6671889
2584 6677056
2585 6682225
2586 6687396
2587 6692569
2588 6697744
2589 6702921
2590 6708100
2591 6713281
2592 6718464
2593 6723649
2594 6728836
2595 6734025
2596 6739216
2597 6744409
2598 6749604
2599 6754801
2600 6760000
2601 6765201
2602 6770404
2603 6775609
2604 6780816
2605 6786025
2606 6791236
2607 6796449
2608 6801664
2609 6806881
2610 6812100
2611 6817321
2612 6822544
2613 6827769
2614 6832996
2615 6838225
2616 6843456
2617 6848689
2618 6853924
2619 6859161
2620 6864400
2621 6869641
2622 6874884
2623 6880129
2624 6885376
2625 6890625
2626 6895876
2627 6901129
2628 6906384
2629 6911641
2630 6916900
2631 6922161
2632 6927424
2633 6932689
2634 6937956
2635 6943225
2636 6948496
2637 6953769
2638 6959044
2639 6964321
2640 6969600
2641 6974881
2642 6980164
2643 6985449
2644 6990736
2645 6996025
2646 7001316
2647 7006609
2648 7011904
2649 7017201
2650 7022500
2651 7027801
2652 7033104
2653 7038409
2654 7043716
2655 7049025
2656 7054336
2657 7059649
2658 7064964
2659 7070281
2660 7075600
2661 7080921
2662 7086244
2663 7091569
2664 7096896
2665 7102225
2666 7107556
2667 7112889
2668 7118224
2669 7123561
2670 7128900
2671 7134241
2672 7139584
2673 7144929
2674 7150276
2675 7155625
2676 7160976
2677 7166329
2678 7171684
2679 7177041
2680 7182400
2681 7187761
2682 7193124
2683 7198489
2684 7203856
2685 7209225
2686 7214596
2687 7219969
2688 7225344
2689 7230721
2690 7236100
2691 7241481
2692 7246864
2693 7252249
2694 7257636
2695 7263025
2696 7268416
2697 7273809
2698 7279204
2699 7284601
2700 7290000
2701 7295401
2702 7300804
2703 7306209
2704 7311616
2705 7317025
2706 7322436
2707 7327849
2708 7333264
2709 7338681
2710 7344100
2711 7349521
2712 7354944
2713 7360369
2714 7365796
2715 7371225
2716 7376656
2717 7382089
2718 7387524
2719 7392961
2720 7398400
2721 7403841
2722 7409284
2723 7414729
2724 7420176
2725 7425625
2726 7431076
2727 7436529
2728 7441984
2729 7447441
2730 7452900
2731 7458361
2732 7463824
2733 7469289
2734 7474756
2735 7480225
2736 7485696
2737 7491169
2738 7496644
2739 7502121
2740 7507600
2741 7513081
2742 7518564
2743 7524049
2744 7529536
2745 7535025
2746 7540516
2747 7546009
2748 7551504
2749 7557001
2750 7562500
2751 7568001
2752 7573504
2753 7579009
2754 7584516
2755 7590025
2756 7595536
2757 7601049
2758 7606564
2759 7612081
2760 7617600
2761 7623121
2762 7628644
2763 7634169
2764 7639696
2765 7645225
2766 7650756
2767 7656289
2768 7661824
2769 7667361
2770 7672900
2771 7678441
2772 7683984
2773 7689529
2774 7695076
2775 7700625
2776 7706176
2777 7711729
2778 7717284
2779 7722841
2780 7728400
2781 7733961
2782 7739524
2783 7745089
2784 7750656
2785 7756225
2786 7761796
2787 7767369
2788 7772944
2789 7778521
2790 7784100
2791 7789681
2792 7795264
2793 7800849
2794 7806436
2795 7812025
2796 7817616
2797 7823209
2798 7828804
2799 7834401
2800 7840000
2801 7845601
2802 7851204
2803 7856809
2804 7862416
2805 7868025
2806 7873636
2807 7879249
2808 7884864
2809 7890481
2810 7896100
2811 7901721
2812 7907344
2813 7912969
2814 7918596
2815 7924225
2816 7929856
2817 7935489
2818 7941124
2819 7946761
2820 7952400
2821 7958041
2822 7963684
2823 7969329
2824 7974976
2825 7980625
2826 7986276
2827 7991929
2828 7997584
2829 8003241
2830 8008900
2831 8014561
2832 8020224
2833 8025889
2834 8031556
2835 8037225
2836 8042896
2837 8048569
2838 8054244
2839 8059921
2840 8065600
2841 8071281
2842 8076964
2843 8082649
2844 8088336
2845 8094025
2846 8099716
2847 8105409
2848 8111104
2849 8116801
2850 8122500
2851 8128201
2852 8133904
2853 8139609
2854 8145316
2855 8151025
2856 8156736
2857 8162449
2858 8168164
2859 8173881
2860 8179600
2861 8185321
2862 8191044
2863 8196769
2864 8202496
2865 8208225
2866 8213956
2867 8219689
2868 8225424
2869 8231161
2870 8236900
2871 8242641
2872 8248384
2873 8254129
2874 8259876
2875 8265625
2876 8271376
2877 8277129
2878 8282884
2879 8288641
2880 8294400
2881 8300161
2882 8305924
2883 8311689
2884 8317456
2885 8323225
2886 8328996
2887 8334769
2888 8340544
2889 8346321
2890 8352100
2891 8357881
2892 8363664
2893 8369449
2894 8375236
2895 8381025
2896 8386816
2897 8392609
2898 8398404
2899 8404201
2900 8410000
2901 8415801
2902 8421604
2903 8427409
2904 8433216
2905 8439025
2906 8444836
2907 8450649
2908 8456464
2909 8462281
2910 8468100
2911 8473921
2912 8479744
2913 8485569
2914 8491396
2915 8497225
2916 8503056
2917 8508889
2918 8514724
2919 8520561
2920 8526400
2921 8532241
2922 8538084
2923 8543929
2924 8549776
2925 8555625
2926 8561476
2927 8567329
2928 8573184
2929 8579041
2930 8584900
2931 8590761
2932 8596624
2933 8602489
2934 8608356
2935 8614225
2936 8620096
2937 8625969
2938 8631844
2939 8637721
2940 8643600
2941 8649481
2942 8655364
2943 8661249
2944 8667136
2945 8673025
2946 8678916
2947 8684809
2948 8690704
2949 8696601
2950 8702500
2951 8708401
2952 8714304
2953 8720209
2954 8726116
2955 8732025
2956 8737936
2957 8743849
2958 8749764
2959 8755681
2960 8761600
2961 8767521
2962 8773444
2963 8779369
2964 8785296
2965 8791225
2966 8797156
2967 8803089
2968 8809024
2969 8814961
2970 8820900
2971 8826841
2972 8832784
2973 8838729
2974 8844676
2975 8850625
2976 8856576
2977 8862529
2978 8868484
2979 8874441
2980 8880400
2981 8886361
2982 8892324
2983 8898289
2984 8904256
2985 8910225
2986 8916196
2987 8922169
2988 8928144
2989 8934121
2990 8940100
2991 8946081
2992 8952064
2993 8958049
2994 8964036
2995 8970025
2996 8976016
2997 8982009
2998 8988004
2999 8994001
3000 9000000
3001 9006001
3002 9012004
3003 9018009
3004 9024016
3005 9030025
3006 9036036
3007 9042049
3008 9048064
3009 9054081
3010 9060100
3011 9066121
3012 9072144
3013 9078169
3014 9084196
3015 9090225
3016 9096256
3017 9102289
3018 9108324
3019 9114361
3020 9120400
3021 9126441
3022 9132484
3023 9138529
3024 9144576
3025 9150625
3026 9156676
3027 9162729
3028 9168784
3029 9174841
3030 9180900
3031 9186961
3032 9193024
3033 9199089
3034 9205156
3035 9211225
3036 9217296
3037 9223369
3038 9229444
3039 9235521
3040 9241600
3041 9247681
3042 9253764
3043 9259849
3044 9265936
3045 9272025
3046 9278116
3047 9284209
3048 9290304
3049 9296401
3050 9302500
3051 9308601
3052 9314704
3053 9320809
3054 9326916
3055 9333025
3056 9339136
3057 9345249
3058 9351364
3059 9357481
3060 9363600
3061 9369721
3062 9375844
3063 9381969
3064 9388096
3065 9394225
3066 9400356
3067 9406489
3068 9412624
3069 9418761
3070 9424900
3071 9431041
3072 9437184
3073 9443329
3074 9449476
3075 9455625
3076 9461776
3077 9467929
3078 9474084
3079 9480241
3080 9486400
3081 9492561
3082 9498724
3083 9504889
3084 9511056
3085 9517225
3086 9523396
3087 9529569
3088 9535744
3089 9541921
3090 9548100
3091 9554281
3092 9560464
3093 9566649
3094 9572836
3095 9579025
3096 9585216
3097 9591409
3098 9597604
3099 9603801
3100 9610000
3101 9616201
3102 9622404
3103 9628609
3104 9634816
3105 9641025
3106 9647236
3107 9653449
3108 9659664
3109 9665881
3110 9672100
3111 9678321
3112 9684544
3113 9690769
3114 9696996
3115 9703225
3116 9709456
3117 9715689
3118 9721924
3119 9728161
3120 9734400
3121 9740641
3122 9746884
3123 9753129
3124 9759376
3125 9765625
3126 9771876
3127 9778129
3128 9784384
3129 9790641
3130 9796900
3131 9803161
3132 9809424
3133 9815689
3134 9821956
3135 9828225
3136 9834496
3137 9840769
3138 9847044
3139 9853321
3140 9859600
3141 9865881
3142 9872164
3143 9878449
3144 9884736
3145 9891025
3146 9897316
3147 9903609
3148 9909904
3149 9916201
3150 9922500
3151 9928801
3152 9935104
3153 9941409
3154 9947716
3155 9954025
3156 9960336
3157 9966649
3158 9972964
3159 9979281
3160 9985600
3161 9991921
3162 9998244
3163 10004569
3164 10010896
3165 10017225
3166 10023556
3167 10029889
3168 10036224
3169 10042561
3170 10048900
3171 10055241
3172 10061584
3173 10067929
3174 10074276
3175 10080625
3176 10086976
3177 10093329
3178 10099684
3179 10106041
3180 10112400
3181 10118761
3182 10125124
3183 10131489
3184 10137856
3185 10144225
3186 10150596
3187 10156969
3188 10163344
3189 10169721
3190 10176100
3191 10182481
3192 10188864
3193 10195249
3194 10201636
3195 10208025
3196 10214416
3197 10220809
3198 10227204
3199 10233601
3200 10240000
3201 10246401
3202 10252804
3203 10259209
3204 10265616
3205 10272025
3206 10278436
3207 10284849
3208 10291264
3209 10297681
3210 10304100
3211 10310521
3212 10316944
3213 10323369
3214 10329796
3215 10336225
3216 10342656
3217 10349089
3218 10355524
3219 10361961
3220 10368400
3221 10374841
3222 10381284
3223 10387729
3224 10394176
3225 10400625
3226 10407076
3227 10413529
3228 10419984
3229 10426441
3230 10432900
3231 10439361
3232 10445824
3233 10452289
3234 10458756
3235 10465225
3236 10471696
3237 10478169
3238 10484644
3239 10491121
3240 10497600
3241 10504081
3242 10510564
3243 10517049
3244 10523536
3245 10530025
3246 10536516
3247 10543009
3248 10549504
3249 10556001
3250 10562500
3251 10569001
3252 10575504
3253 10582009
3254 10588516
3255 10595025
3256 10601536
3257 10608049
3258 10614564
3259 10621081
3260 10627600
3261 10634121
3262 10640644
3263 10647169
3264 10653696
3265 10660225
3266 10666756
3267 10673289
3268 10679824
3269 10686361
3270 10692900
3271 10699441
3272 10705984
3273 10712529
3274 10719076
3275 10725625
3276 10732176
3277 10738729
3278 10745284
3279 10751841
3280 10758400
3281 10764961
3282 10771524
3283 10778089
3284 10784656
3285 10791225
3286 10797796
3287 10804369
3288 10810944
3289 10817521
3290 10824100
3291 10830681
3292 10837264
3293 10843849
3294 10850436
3295 10857025
3296 10863616
3297 10870209
3298 10876804
3299 10883401
3300 10890000
3301 10896601
3302 10903204
3303 10909809
3304 10916416
3305 10923025
3306 10929636
3307 10936249
3308 10942864
3309 10949481
3310 10956100
3311 10962721
3312 10969344
3313 10975969
3314 10982596
3315 10989225
3316 10995856
3317 11002489
3318 11009124
3319 11015761
3320 11022400
3321 11029041
3322 11035684
3323 11042329
3324 11048976
3325 11055625
3326 11062276
3327 11068929
3328 11075584
3329 11082241
3330 11088900
3331 11095561
3332 11102224
3333 11108889
3334 11115556
3335 11122225
3336 11128896
3337 11135569
3338 11142244
3339 11148921
3340 11155600
3341 11162281
3342 11168964
3343 11175649
3344 11182336
3345 11189025
3346 11195716
3347 11202409
3348 11209104
3349 11215801
3350 11222500
3351 11229201
3352 11235904
3353 11242609
3354 11249316
3355 11256025
3356 11262736
3357 11269449
3358 11276164
3359 11282881
3360 11289600
3361 11296321
3362 11303044
3363 11309769
3364 11316496
3365 11323225
3366 11329956
3367 11336689
3368 11343424
3369 11350161
3370 11356900
3371 11363641
3372 11370384
3373 11377129
3374 11383876
3375 11390625
3376 11397376
3377 11404129
3378 11410884
3379 11417641
3380 11424400
3381 11431161
3382 11437924
3383 11444689
3384 11451456
3385 11458225
3386 11464996
3387 11471769
3388 11478544
3389 11485321
3390 11492100
3391 11498881
3392 11505664
3393 11512449
3394 11519236
3395 11526025
3396 11532816
3397 11539609
3398 11546404
3399 11553201
3400 11560000
3401 11566801
3402 11573604
3403 11580409
3404 11587216
3405 11594025
3406 11600836
3407 11607649
3408 11614464
3409 11621281
3410 11628100
3411 11634921
3412 11641744
3413 11648569
3414 11655396
3415 11662225
3416 11669056
3417 11675889
3418 11682724
3419 11689561
3420 11696400
3421 11703241
3422 11710084
3423 11716929
3424 11723776
3425 11730625
3426 11737476
3427 11744329
3428 11751184
3429 11758041
3430 11764900
3431 11771761
3432 11778624
3433 11785489
3434 11792356
3435 11799225
3436 11806096
3437 11812969
3438 11819844
3439 11826721
3440 11833600
3441 11840481
3442 11847364
3443 11854249
3444 11861136
3445 11868025
3446 11874916
3447 11881809
3448 11888704
3449 11895601
3450 11902500
3451 11909401
3452 11916304
3453 11923209
3454 11930116
3455 11937025
3456 11943936
3457 11950849
3458 11957764
3459 11964681
3460 11971600
3461 11978521
3462 11985444
3463 11992369
3464 11999296
3465 12006225
3466 12013156
3467 12020089
3468 12027024
3469 12033961
3470 12040900
3471 12047841
3472 12054784
3473 12061729
3474 12068676
3475 12075625
3476 12082576
3477 12089529
3478 12096484
3479 12103441
3480 12110400
3481 12117361
3482 12124324
3483 12131289
3484 12138256
3485 12145225
3486 12152196
3487 12159169
3488 12166144
3489 12173121
3490 12180100
3491 12187081
3492 12194064
3493 12201049
3494 12208036
3495 12215025
3496 12222016
3497 12229009
3498 12236004
3499 12243001
3500 12250000
3501 12257001
3502 12264004
3503 12271009
3504 12278016
3505 12285025
3506 12292036
3507 12299049
3508 12306064
3509 12313081
3510 12320100
3511 12327121
3512 12334144
3513 12341169
3514 12348196
3515 12355225
3516 12362256
3517 12369289
3518 12376324
3519 12383361
3520 12390400
3521 12397441
3522 12404484
3523 12411529
3524 12418576
3525 12425625
3526 12432676
3527 12439729
3528 12446784
3529 12453841
3530 12460900
3531 12467961
3532 12475024
3533 12482089
3534 12489156
3535 12496225
3536 12503296
3537 12510369
3538 12517444
3539 12524521
3540 12531600
3541 12538681
3542 12545764
3543 12552849
3544 12559936
3545 12567025
3546 12574116
3547 12581209
3548 12588304
3549 12595401
3550 12602500
3551 12609601
3552 12616704
3553 12623809
3554 12630916
3555 12638025
3556 12645136
3557 12652249
3558 12659364
3559 12666481
3560 12673600
3561 12680721
3562 12687844
3563 12694969
3564 12702096
3565 12709225
3566 12716356
3567 12723489
3568 12730624
3569 12737761
3570 12744900
3571 12752041
3572 12759184
3573 12766329
3574 12773476
3575 12780625
3576 12787776
3577 12794929
3578 12802084
3579 12809241
3580 12816400
3581 12823561
3582 12830724
3583 12837889
3584 12845056
3585 12852225
3586 12859396
3587 12866569
3588 12873744
3589 12880921
3590 12888100
3591 12895281
3592 12902464
3593 12909649
3594 12916836
3595 12924025
3596 12931216
3597 12938409
3598 12945604
3599 12952801
3600 12960000
3601 12967201
3602 12974404
3603 12981609
3604 12988816
3605 12996025
3606 13003236
3607 13010449
3608 13017664
3609 13024881
3610 13032100
3611 13039321
3612 13046544
3613 13053769
3614 13060996
3615 13068225
3616 13075456
3617 13082689
3618 13089924
3619 13097161
3620 13104400
3621 13111641
3622 13118884
3623 13126129
3624 13133376
3625 13140625
3626 13147876
3627 13155129
3628 13162384
3629 13169641
3630 13176900
3631 13184161
3632 13191424
3633 13198689
3634 13205956
3635 13213225
3636 13220496
3637 13227769
3638 13235044
3639 13242321
3640 13249600
3641 13256881
3642 13264164
3643 13271449
3644 13278736
3645 13286025
3646 13293316
3647 13300609
3648 13307904
3649 13315201
3650 13322500
3651 13329801
3652 13337104
3653 13344409
3654 13351716
3655 13359025
3656 13366336
3657 13373649
3658 13380964
3659 13388281
3660 13395600
3661 13402921
3662 13410244
3663 13417569
3664 13424896
3665 13432225
3666 13439556
3667 13446889
3668 13454224
3669 13461561
3670 13468900
3671 13476241
3672 13483584
3673 13490929
3674 13498276
3675 13505625
3676 13512976
3677 13520329
3678 13527684
3679 13535041
3680 13542400
3681 13549761
3682 13557124
3683 13564489
3684 13571856
3685 13579225
3686 13586596
3687 13593969
3688 13601344
3689 13608721
3690 13616100
3691 13623481
3692 13630864
3693 13638249
3694 13645636
3695 13653025
3696 13660416
3697 13667809
3698 13675204
3699 13682601
3700 13690000
3701 13697401
3702 13704804
3703 13712209
3704 13719616
3705 13727025
3706 13734436
3707 13741849
3708 13749264
3709 13756681
3710 13764100
3711 13771521
3712 13778944
3713 13786369
3714 13793796
3715 13801225
3716 13808656
3717 13816089
3718 13823524
3719 13830961
3720 13838400
3721 13845841
3722 13853284
3723 13860729
3724 13868176
3725 13875625
3726 13883076
3727 13890529
3728 13897984
3729 13905441
3730 13912900
3731 13920361
3732 13927824
3733 13935289
3734 13942756
3735 13950225
3736 13957696
3737 13965169
3738 13972644
3739 13980121
3740 13987600
3741 13995081
3742 14002564
3743 14010049
3744 14017536
3745 14025025
3746 14032516
3747 14040009
3748 14047504
3749 14055001
3750 14062500
3751 14070001
3752 14077504
3753 14085009
3754 14092516
3755 14100025
3756 14107536
3757 14115049
3758 14122564
3759 14130081
3760 14137600
3761 14145121
3762 14152644
3763 14160169
3764 14167696
3765 14175225
3766 14182756
3767 14190289
3768 14197824
3769 14205361
3770 14212900
3771 14220441
3772 14227984
3773 14235529
3774 14243076
3775 14250625
3776 14258176
3777 14265729
3778 14273284
3779 14280841
3780 14288400
3781 14295961
3782 14303524
3783 14311089
3784 14318656
3785 14326225
3786 14333796
3787 14341369
3788 14348944
3789 14356521
3790 14364100
3791 14371681
3792 14379264
3793 14386849
3794 14394436
3795 14402025
3796 14409616
3797 14417209
3798 14424804
3799 14432401
3800 14440000
3801 14447601
3802 14455204
3803 14462809
3804 14470416
3805 14478025
3806 14485636
3807 14493249
3808 14500864
3809 14508481
3810 14516100
3811 14523721
3812 14531344
3813 14538969
3814 14546596
3815 14554225
3816 14561856
3817 14569489
3818 14577124
3819 14584761
3820 14592400
3821 14600041
3822 14607684
3823 14615329
3824 14622976
3825 14630625
3826 14638276
3827 14645929
3828 14653584
3829 14661241
3830 14668900
3831 14676561
3832 14684224
3833 14691889
3834 14699556
3835 14707225
3836 14714896
3837 14722569
3838 14730244
3839 14737921
3840 14745600
3841 14753281
3842 14760964
3843 14768649
3844 14776336
3845 14784025
3846 14791716
3847 14799409
3848 14807104
3849 14814801
3850 14822500
3851 14830201
3852 14837904
3853 14845609
3854 14853316
3855 14861025
3856 14868736
3857 14876449
3858 14884164
3859 14891881
3860 14899600
3861 14907321
3862 14915044
3863 14922769
3864 14930496
3865 14938225
3866 14945956
3867 14953689
3868 14961424
3869 14969161
3870 14976900
3871 14984641
3872 14992384
3873 15000129
3874 15007876
3875 15015625
3876 15023376
3877 15031129
3878 15038884
3879 15046641
3880 15054400
3881 15062161
3882 15069924
3883 15077689
3884 15085456
3885 15093225
3886 15100996
3887 15108769
3888 15116544
3889 15124321
3890 15132100
3891 15139881
3892 15147664
3893 15155449
3894 15163236
3895 15171025
3896 15178816
3897 15186609
3898 15194404
3899 15202201
3900 15210000
3901 15217801
3902 15225604
3903 15233409
3904 15241216
3905 15249025
3906 15256836
3907 15264649
3908 15272464
3909 15280281
3910 15288100
3911 15295921
3912 15303744
3913 15311569
3914 15319396
3915 15327225
3916 15335056
3917 15342889
3918 15350724
3919 15358561
3920 15366400
3921 15374241
3922 15382084
3923 15389929
3924 15397776
3925 15405625
3926 15413476
3927 15421329
3928 15429184
3929 15437041
3930 15444900
3931 15452761
3932 15460624
3933 15468489
3934 15476356
3935 15484225
3936 15492096
3937 15499969
3938 15507844
3939 15515721
3940 15523600
3941 15531481
3942 15539364
3943 15547249
3944 15555136
3945 15563025
3946 15570916
3947 15578809
3948 15586704
3949 15594601
3950 15602500
3951 15610401
3952 15618304
3953 15626209
3954 15634116
3955 15642025
3956 15649936
3957 15657849
3958 15665764
3959 15673681
3960 15681600
3961 15689521
3962 15697444
3963 15705369
3964 15713296
3965 15721225
3966 15729156
3967 15737089
3968 15745024
3969 15752961
3970 15760900
3971 15768841
3972 15776784
3973 15784729
3974 15792676
3975 15800625
3976 15808576
3977 15816529
3978 15824484
3979 15832441
3980 15840400
3981 15848361
3982 15856324
3983 15864289
3984 15872256
3985 15880225
3986 15888196
3987 15896169
3988 15904144
3989 15912121
3990 15920100
3991 15928081
3992 15936064
3993 15944049
3994 15952036
3995 15960025
3996 15968016
3997 15976009
3998 15984004
3999 15992001
4000 16000000
4001 16008001
4002 16016004
4003 16024009
4004 16032016
4005 16040025
4006 16048036
4007 16056049
4008 16064064
4009 16072081
4010 16080100
4011 16088121
4012 16096144
4013 16104169
4014 16112196
4015 16120225
4016 16128256
4017 16136289
4018 16144324
4019 16152361
4020 16160400
4021 16168441
4022 16176484
4023 16184529
4024 16192576
4025 16200625
4026 16208676
4027 16216729
4028 16224784
4029 16232841
4030 16240900
4031 16248961
4032 16257024
4033 16265089
4034 16273156
4035 16281225
4036 16289296
4037 16297369
4038 16305444
4039 16313521
4040 16321600
4041 16329681
4042 16337764
4043 16345849
4044 16353936
4045 16362025
4046 16370116
4047 16378209
4048 16386304
4049 16394401
4050 16402500
4051 16410601
4052 16418704
4053 16426809
4054 16434916
4055 16443025
4056 16451136
4057 16459249
4058 16467364
4059 16475481
4060 16483600
4061 16491721
4062 16499844
4063 16507969
4064 16516096
4065 16524225
4066 16532356
4067 16540489
4068 16548624
4069 16556761
4070 16564900
4071 16573041
4072 16581184
4073 16589329
4074 16597476
4075 16605625
4076 16613776
4077 16621929
4078 16630084
4079 16638241
4080 16646400
4081 16654561
4082 16662724
4083 16670889
4084 16679056
4085 16687225
4086 16695396
4087 16703569
4088 16711744
4089 16719921
4090 16728100
4091 16736281
4092 16744464
4093 16752649
4094 16760836
4095 16769025
4096 16777216
4097 16785409
4098 16793604
4099 16801801
4100 16810000
4101 16818201
4102 16826404
4103 16834609
4104 16842816
4105 16851025
4106 16859236
4107 16867449
4108 16875664
4109 16883881
4110 16892100
4111 16900321
4112 16908544
4113 16916769
4114 16924996
4115 16933225
4116 16941456
4117 16949689
4118 16957924
4119 16966161
4120 16974400
4121 16982641
4122 16990884
4123 16999129
4124 17007376
4125 17015625
4126 17023876
4127 17032129
4128 17040384
4129 17048641
4130 17056900
4131 17065161
4132 17073424
4133 17081689
4134 17089956
4135 17098225
4136 17106496
4137 17114769
4138 17123044
4139 17131321
4140 17139600
4141 17147881
4142 17156164
4143 17164449
4144 17172736
4145 17181025
4146 17189316
4147 17197609
4148 17205904
4149 17214201
4150 17222500
4151 17230801
4152 17239104
4153 17247409
4154 17255716
4155 17264025
4156 17272336
4157 17280649
4158 17288964
4159 17297281
4160 17305600
4161 17313921
4162 17322244
4163 17330569
4164 17338896
4165 17347225
4166 17355556
4167 17363889
4168 17372224
4169 17380561
4170 17388900
4171 17397241
4172 17405584
4173 17413929
4174 17422276
4175 17430625
4176 17438976
4177 17447329
4178 17455684
4179 17464041
4180 17472400
4181 17480761
4182 17489124
4183 17497489
4184 17505856
4185 17514225
4186 17522596
4187 17530969
4188 17539344
4189 17547721
4190 17556100
4191 17564481
4192 17572864
4193 17581249
4194 17589636
4195 17598025
4196 17606416
4197 17614809
4198 17623204
4199 17631601
4200 17640000
4201 17648401
4202 17656804
4203 17665209
4204 17673616
4205 17682025
4206 17690436
4207 17698849
4208 17707264
4209 17715681
4210 17724100
4211 17732521
4212 17740944
4213 17749369
4214 17757796
4215 17766225
4216 17774656
4217 17783089
4218 17791524
4219 17799961
4220 17808400
4221 17816841
4222 17825284
4223 17833729
4224 17842176
4225 17850625
4226 17859076
4227 17867529
4228 17875984
4229 17884441
4230 17892900
4231 17901361
4232 17909824
4233 17918289
4234 17926756
4235 17935225
4236 17943696
4237 17952169
4238 17960644
4239 17969121
4240 17977600
4241 17986081
4242 17994564
4243 18003049
4244 18011536
4245 18020025
4246 18028516
4247 18037009
4248 18045504
4249 18054001
4250 18062500
4251 18071001
4252 18079504
4253 18088009
4254 18096516
4255 18105025
4256 18113536
4257 18122049
4258 18130564
4259 18139081
4260 18147600
4261 18156121
4262 18164644
4263 18173169
4264 18181696
4265 18190225
4266 18198756
4267 18207289
4268 18215824
4269 18224361
4270 18232900
4271 18241441
4272 18249984
4273 18258529
4274 18267076
4275 18275625
4276 18284176
4277 18292729
4278 18301284
4279 18309841
4280 18318400
4281 18326961
4282 18335524
4283 18344089
4284 18352656
4285 18361225
4286 18369796
4287 18378369
4288 18386944
4289 18395521
4290 18404100
4291 18412681
4292 18421264
4293 18429849
4294 18438436
4295 18447025
4296 18455616
4297 18464209
4298 18472804
4299 18481401
4300 18490000
4301 18498601
4302 18507204
4303 18515809
4304 18524416
4305 18533025
4306 18541636
4307 18550249
4308 18558864
4309 18567481
4310 18576100
4311 18584721
4312 18593344
4313 18601969
4314 18610596
4315 18619225
4316 18627856
4317 18636489
4318 18645124
4319 18653761
4320 18662400
4321 18671041
4322 18679684
4323 18688329
4324 18696976
4325 18705625
4326 18714276
4327 18722929
4328 18731584
4329 18740241
4330 18748900
4331 18757561
4332 18766224
4333 18774889
4334 18783556
4335 18792225
4336 18800896
4337 18809569
4338 18818244
4339 18826921
4340 18835600
4341 18844281
4342 18852964
4343 18861649
4344 18870336
4345 18879025
4346 18887716
4347 18896409
4348 18905104
4349 18913801
4350 18922500
4351 18931201
4352 18939904
4353 18948609
4354 18957316
4355 18966025
4356 18974736
4357 18983449
4358 18992164
4359 19000881
4360 19009600
4361 19018321
4362 19027044
4363 19035769
4364 19044496
4365 19053225
4366 19061956
4367 19070689
4368 19079424
4369 19088161
4370 19096900
4371 19105641
4372 19114384
4373 19123129
4374 19131876
4375 19140625
4376 19149376
4377 19158129
4378 19166884
4379 19175641
4380 19184400
4381 19193161
4382 19201924
4383 19210689
4384 19219456
4385 19228225
4386 19236996
4387 19245769
4388 19254544
4389 19263321
4390 19272100
4391 19280881
4392 19289664
4393 19298449
4394 19307236
4395 19316025
4396 19324816
4397 19333609
4398 19342404
4399 19351201
4400 19360000
4401 19368801
4402 19377604
4403 19386409
4404 19395216
4405 19404025
4406 19412836
4407 19421649
4408 19430464
4409 19439281
4410 19448100
4411 19456921
4412 19465744
4413 19474569
4414 19483396
4415 19492225
4416 19501056
4417 19509889
4418 19518724
4419 19527561
4420 19536400
4421 19545241
4422 19554084
4423 19562929
4424 19571776
4425 19580625
4426 19589476
4427 19598329
4428 19607184
4429 19616041
4430 19624900
4431 19633761
4432 19642624
4433 19651489
4434 19660356
4435 19669225
4436 19678096
4437 19686969
4438 19695844
4439 19704721
4440 19713600
4441 19722481
4442 19731364
4443 19740249
4444 19749136
4445 19758025
4446 19766916
4447 19775809
4448 19784704
4449 19793601
4450 19802500
4451 19811401
4452 19820304
4453 19829209
4454 19838116
4455 19847025
4456 19855936
4457 19864849
4458 19873764
4459 19882681
4460 19891600
4461 19900521
4462 19909444
4463 19918369
4464 19927296
4465 19936225
4466 19945156
4467 19954089
4468 19963024
4469 19971961
4470 19980900
4471 19989841
4472 19998784
4473 20007729
4474 20016676
4475 20025625
4476 20034576
4477 20043529
4478 20052484
4479 20061441
4480 20070400
4481 20079361
4482 20088324
4483 20097289
4484 20106256
4485 20115225
4486 20124196
4487 20133169
4488 20142144
4489 20151121
4490 20160100
4491 20169081
4492 20178064
4493 20187049
4494 20196036
4495 20205025
4496 20214016
4497 20223009
4498 20232004
4499 20241001
4500 20250000
4501 20259001
4502 20268004
4503 20277009
4504 20286016
4505 20295025
4506 20304036
4507 20313049
4508 20322064
4509 20331081
4510 20340100
4511 20349121
4512 20358144
4513 20367169
4514 20376196
4515 20385225
4516 20394256
4517 20403289
4518 20412324
4519 20421361
4520 20430400
4521 20439441
4522 20448484
4523 20457529
4524 20466576
4525 20475625
4526 20484676
4527 20493729
4528 20502784
4529 20511841
4530 20520900
4531 20529961
4532 20539024
4533 20548089
4534 20557156
4535 20566225
4536 20575296
4537 20584369
4538 20593444
4539 20602521
4540 20611600
4541 20620681
4542 20629764
4543 20638849
4544 20647936
4545 20657025
4546 20666116
4547 20675209
4548 20684304
4549 20693401
4550 20702500
4551 20711601
4552 20720704
4553 20729809
4554 20738916
4555 20748025
4556 20757136
4557 20766249
4558 20775364
4559 20784481
4560 20793600
4561 20802721
4562 20811844
4563 20820969
4564 20830096
4565 20839225
4566 20848356
4567 20857489
4568 20866624
4569 20875761
4570 20884900
4571 20894041
4572 20903184
4573 20912329
4574 20921476
4575 20930625
4576 20939776
4577 20948929
4578 20958084
4579 20967241
4580 20976400
4581 20985561
4582 20994724
4583 21003889
4584 21013056
4585 21022225
4586 21031396
4587 21040569
4588 21049744
4589 21058921
4590 21068100
4591 21077281
4592 21086464
4593 21095649
4594 21104836
4595 21114025
4596 21123216
4597 21132409
4598 21141604
4599 21150801
4600 21160000
4601 21169201
4602 21178404
4603 21187609
4604 21196816
4605 21206025
4606 21215236
4607 21224449
4608 21233664
4609 21242881
4610 21252100
4611 21261321
4612 21270544
4613 21279769
4614 21288996
4615 21298225
4616 21307456
4617 21316689
4618 21325924
4619 21335161
4620 21344400
4621 21353641
4622 21362884
4623 21372129
4624 21381376
4625 21390625
4626 21399876
4627 21409129
4628 21418384
4629 21427641
4630 21436900
4631 21446161
4632 21455424
4633 21464689
4634 21473956
4635 21483225
4636 21492496
4637 21501769
4638 21511044
4639 21520321
4640 21529600
4641 21538881
4642 21548164
4643 21557449
4644 21566736
4645 21576025
4646 21585316
4647 21594609
4648 21603904
4649 21613201
4650 21622500
4651 21631801
4652 21641104
4653 21650409
4654 21659716
4655 21669025
4656 21678336
4657 21687649
4658 21696964
4659 21706281
4660 21715600
4661 21724921
4662 21734244
4663 21743569
4664 21752896
4665 21762225
4666 21771556
4667 21780889
4668 21790224
4669 21799561
4670 21808900
4671 21818241
4672 21827584
4673 21836929
4674 21846276
4675 21855625
4676 21864976
4677 21874329
4678 21883684
4679 21893041
4680 21902400
4681 21911761
4682 21921124
4683 21930489
4684 21939856
4685 21949225
4686 21958596
4687 21967969
4688 21977344
4689 21986721
4690 21996100
4691 22005481
4692 22014864
4693 22024249
4694 22033636
4695 22043025
4696 22052416
4697 22061809
4698 22071204
4699 22080601
4700 22090000
4701 22099401
4702 22108804
4703 22118209
4704 22127616
4705 22137025
4706 22146436
4707 22155849
4708 22165264
4709 22174681
4710 22184100
4711 22193521
4712 22202944
4713 22212369
4714 22221796
4715 22231225
4716 22240656
4717 22250089
4718 22259524
4719 22268961
4720 22278400
4721 22287841
4722 22297284
4723 22306729
4724 22316176
4725 22325625
4726 22335076
4727 22344529
4728 22353984
4729 22363441
4730 22372900
4731 22382361
4732 22391824
4733 22401289
4734 22410756
4735 22420225
4736 22429696
4737 22439169
4738 22448644
4739 22458121
4740 22467600
4741 22477081
4742 22486564
4743 22496049
4744 22505536
4745 22515025
4746 22524516
4747 22534009
4748 22543504
4749 22553001
4750 22562500
4751 22572001
4752 22581504
4753 22591009
4754 22600516
4755 22610025
4756 22619536
4757 22629049
4758 22638564
4759 22648081
4760 22657600
4761 22667121
4762 22676644
4763 22686169
4764 22695696
4765 22705225
4766 22714756
4767 22724289
4768 22733824
4769 22743361
4770 22752900
4771 22762441
4772 22771984
4773 22781529
4774 22791076
4775 22800625
4776 22810176
4777 22819729
4778 22829284
4779 22838841
4780 22848400
4781 22857961
4782 22867524
4783 22877089
4784 22886656
4785 22896225
4786 22905796
4787 22915369
4788 22924944
4789 22934521
4790 22944100
4791 22953681
4792 22963264
4793 22972849
4794 22982436
4795 22992025
4796 23001616
4797 23011209
4798 23020804
4799 23030401
4800 23040000
4801 23049601
4802 23059204
4803 23068809
4804 23078416
4805 23088025
4806 23097636
4807 23107249
4808 23116864
4809 23126481
4810 23136100
4811 23145721
4812 23155344
4813 23164969
4814 23174596
4815 23184225
4816 23193856
4817 23203489
4818 23213124
4819 23222761
4820 23232400
4821 23242041
4822 23251684
4823 23261329
4824 23270976
4825 23280625
4826 23290276
4827 23299929
4828 23309584
4829 23319241
4830 23328900
4831 23338561
4832 23348224
4833 23357889
4834 23367556
4835 23377225
4836 23386896
4837 23396569
4838 23406244
4839 23415921
4840 23425600
4841 23435281
4842 23444964
4843 23454649
4844 23464336
4845 23474025
4846 23483716
4847 23493409
4848 23503104
4849 23512801
4850 23522500
4851 23532201
4852 23541904
4853 23551609
4854 23561316
4855 23571025
4856 23580736
4857 23590449
4858 23600164
4859 23609881
4860 23619600
4861 23629321
4862 23639044
4863 23648769
4864 23658496
4865 23668225
4866 23677956
4867 23687689
4868 23697424
4869 23707161
4870 23716900
4871 23726641
4872 23736384
4873 23746129
4874 23755876
4875 23765625
4876 23775376
4877 23785129
4878 23794884
4879 23804641
4880 23814400
4881 23824161
4882 23833924
4883 23843689
4884 23853456
4885 23863225
4886 23872996
4887 23882769
4888 23892544
4889 23902321
4890 23912100
4891 23921881
4892 23931664
4893 23941449
4894 23951236
4895 23961025
4896 23970816
4897 23980609
4898 23990404
4899 24000201
4900 24010000
4901 24019801
4902 24029604
4903 24039409
4904 24049216
4905 24059025
4906 24068836
4907 24078649
4908 24088464
4909 24098281
4910 24108100
4911 24117921
4912 24127744
4913 24137569
4914 24147396
4915 24157225
4916 24167056
4917 24176889
4918 24186724
4919 24196561
4920 24206400
4921 24216241
4922 24226084
4923 24235929
4924 24245776
4925 24255625
4926 24265476
4927 24275329
4928 24285184
4929 24295041
4930 24304900
4931 24314761
4932 24324624
4933 24334489
4934 24344356
4935 24354225
4936 24364096
4937 24373969
4938 24383844
4939 24393721
4940 24403600
4941 24413481
4942 24423364
4943 24433249
4944 24443136
4945 24453025
4946 24462916
4947 24472809
4948 24482704
4949 24492601
4950 24502500
4951 24512401
4952 24522304
4953 24532209
4954 24542116
4955 24552025
4956 24561936
4957 24571849
4958 24581764
4959 24591681
4960 24601600
4961 24611521
4962 24621444
4963 24631369
4964 24641296
4965 24651225
4966 24661156
4967 24671089
4968 24681024
4969 24690961
4970 24700900
4971 24710841
4972 24720784
4973 24730729
4974 24740676
4975 24750625
4976 24760576
4977 24770529
4978 24780484
4979 24790441
4980 24800400
4981 24810361
4982 24820324
4983 24830289
4984 24840256
4985 24850225
4986 24860196
4987 24870169
4988 24880144
4989 24890121
4990 24900100
4991 24910081
4992 24920064
4993 24930049
4994 24940036
4995 24950025
4996 24960016
4997 24970009
4998 24980004
4999 24990001
5000 25000000
